{"nbformat":4,"nbformat_minor":0,"metadata":{"colab":{"name":"semana2_aps_financieras_regresiones.ipynb","provenance":[],"collapsed_sections":[],"authorship_tag":"ABX9TyPuz/dnM3ItOnosFm4CBo1Y"},"kernelspec":{"name":"python3","display_name":"Python 3"},"language_info":{"name":"python"}},"cells":[{"cell_type":"markdown","source":["# Objetivo\n","\n","Crearemos un modelo utilizando características avanzadas de econometría para tratar de estimar, en tiempo real, como será el indice de inflación del CPI (consumer price index) de Brasil (IPA). Esta medida no solo es la mas utilizada para medir la inflación en Brasil, si no que también es utilizada para la inflación objetivo para políticas del banco central.\n","\n","Este problema es interesante porque Brasil es una economía emergente, que no se regirá como otras economías ya establecidas y con comportamientos menos turbulentos."],"metadata":{"id":"YlbGkfZ_inEr"}},{"cell_type":"markdown","source":["# Importar Dependencias"],"metadata":{"id":"7i8Zb-rDxiHk"}},{"cell_type":"code","metadata":{"id":"ZExEarcxcDKh"},"source":["import os\n","\n","# Manejo de los datos\n","import pandas as pd\n","import numpy as np\n","\n","# Utilidades, modelo y métricas\n","from sklearn.model_selection import train_test_split\n","from sklearn.linear_model import LinearRegression, Ridge\n","from sklearn.metrics import r2_score, mean_squared_error, mean_absolute_error\n","\n","# Visualización\n","from plotly.subplots import make_subplots\n","import plotly.graph_objects as go\n","import plotly.io as pio\n","import plotly.express as px\n","import matplotlib.pyplot as plt\n","\n","from pprint import pprint"],"execution_count":null,"outputs":[]},{"cell_type":"code","source":["from google.colab import drive\n","drive.mount('/content/drive')"],"metadata":{"id":"crd2oqh9aJC6","colab":{"base_uri":"https://localhost:8080/"},"executionInfo":{"status":"ok","timestamp":1647992511321,"user_tz":360,"elapsed":17706,"user":{"displayName":"Max Mitre","photoUrl":"https://lh3.googleusercontent.com/a/default-user=s64","userId":"09123623482601618233"}},"outputId":"4b703493-e885-489e-b448-bd140a1e1d96"},"execution_count":null,"outputs":[{"output_type":"stream","name":"stdout","text":["Mounted at /content/drive\n"]}]},{"cell_type":"code","source":["path = '/content/drive/MyDrive/Cruso-ApsFinancieras/semana2/'"],"metadata":{"id":"ts4h8WAkaJdX"},"execution_count":null,"outputs":[]},{"cell_type":"code","source":["pio.templates.default = \"plotly_white\""],"metadata":{"id":"EjMCCLY3jhbY"},"execution_count":null,"outputs":[]},{"cell_type":"markdown","source":["# Función de visualización auxiliar"],"metadata":{"id":"a2pCAd_jxlTb"}},{"cell_type":"code","source":["# Función para visualizar de mejor manera nustro modelo\n","def plot_model_evaluation(real_train, predecido_train, real_test, predecido_test, plot_title):\n","    fig = make_subplots(\n","        rows=1, cols=2,\n","        subplot_titles=['Conjunto de entrenamiento', 'Conjunto de prueba'],\n","    )\n","\n","    fig.add_trace(\n","        go.Scatter(\n","            x=real_train,\n","            y=predecido_train,\n","            mode='markers',\n","        ),\n","        row=1, col=1\n","    )\n","\n","    fig.add_shape(\n","        type='line',\n","        x0=np.min(predecido_train), y0=np.min(predecido_train),\n","        x1=np.max(predecido_train), y1=np.max(predecido_train),\n","        line=dict(dash='dot')\n","    )\n","\n","    fig.add_trace(\n","        go.Scatter(x=real_test, y=predecido_test, mode='markers'),\n","        row=1, col=2\n","    )\n","\n","    fig.add_shape(\n","        type='line',\n","        x0=np.min(predecido_test), y0=np.min(predecido_test),\n","        x1=np.max(predecido_test), y1=np.max(predecido_test),\n","        line=dict(dash='dot'),\n","        row=1, col=2\n","    )\n","\n","    fig.update_layout(\n","        showlegend=False,\n","        title_text=plot_title\n","    )\n","\n","    fig.update_xaxes(title_text='Datos reales', row=1, col=1)\n","    fig.update_xaxes(title_text='Datos reales', row=1, col=2)\n","    fig.update_yaxes(title_text='Datos predecidos', row=1, col=1)\n","    fig.update_yaxes(title_text='Datos predecidos', row=1, col=2)\n","\n","    return fig"],"metadata":{"id":"0ofSACKgjhY_"},"execution_count":null,"outputs":[]},{"cell_type":"markdown","source":["# Carga de datos"],"metadata":{"id":"Cp_9VrQCsAYr"}},{"cell_type":"code","source":["data = pd.read_csv(path + 'Brazil.csv', sep=';')"],"metadata":{"id":"V-maqWWtjhWq"},"execution_count":null,"outputs":[]},{"cell_type":"code","source":["data.info()"],"metadata":{"id":"dOagTUlDjhUh"},"execution_count":null,"outputs":[]},{"cell_type":"markdown","source":["# Algunas de las características con las que trabajaremos:\n","\n","Precios y Monetarios\n","1. Brazil CPI IPCA (Extended National Consumer Price Index)\n","2. FGV Brazil General Prices IGP-M \n","3. FGV Brazil General Prices IGP-DI \n","4. FGV Brazil General Prices IGP-10 \n","5. Brazil CPI IPCA-15 \n","55. Brazil Monetary Base \n","56. Brazil Money Supply M1 Brazil \n","57. Brazil Money Supply M2 Brazil \n","58. Brazil Money Supply M3 Brazil\n","59. Brazil Money Supply M4 Brazil\n","\n","Empleo\n","14. IBGE Brazil Unemployment Rate \n","15. Brazil Unemployment Statistic Male \n","16. Brazil Unemployment Statistic Total\n","17. IMF Brazil Unemployment Rate\n","18. CNI Brazil Manufacturing Industry Employment\n","19. Brazil Industry Working Hours \n","\n","Tipos de Cambio y Finanzas\n","22. USD-BRL X-RATE \n","23. USD-BRL X-RATE Tourism \n","24. EUR-BRL X-RATE \n","25. BRAZIL IBOVESPA INDEX\n","26. Brazil Savings Accounts Deposits\n","27. Brazil Total Savings Deposits\n","28. Brazil BNDES Long Term Interest Rate\n","29. Brazil Selic Target Rate\n","30. Brazil Cetip DI Interbank Deposits\n","\n","Relacionados a Gobierno y Transacciones Internacionales\n","32. Brazil National Treasury Revenue Total\n","33. Brazil Social Contribution over Net Profit Tax Income\n","34. Brazil PIS & PASEP Tax Income\n","35. Brazil Central Government Net Revenue\n","36. Brazil Central Government Revenue from the Central Bank\n","37. Brazil Central Government Total Expenditures\n","38. Brazil National Treasury Gross Revenue\n","39. Brazil Importing Tax Income\n","40. BNDES Brazil Income Taxes\n","41. Brazil National Treasury Revenue from Industrialized Products\n","42. Brazil National Treasury Revenues from Other Taxes\n","43. Brazil Central Government Revenue from the Social Security\n","44. Brazil National Treasury Revenue from Import Tax\n","45. Brazil Current Account\n","46. Brazil Trade Balance FOB\n","47. Brazil Public Net Fiscal Debt as a percentage of GDP\n","48. Brazil Public Net Fiscal Debt\n","49. Brazilian Federal Government Domestic Debt\n","50. Brazil Public Net Government & Central Bank Domestic Debt\n","51. Brazilian States Debt Total Consolidated Net Debt\n","52. Brazilian States Debt to Foreigners\n","53. Brazilian Cities Debt\n","54. Brazilian Cities Debt to Foreigners\n","\n","\n","\n"],"metadata":{"id":"OmyjOHF3sTLG"}},{"cell_type":"markdown","source":["- ¿Qué pasa al buscar por valores nulos?"],"metadata":{"id":"vK8rGOPBlSlm"}},{"cell_type":"code","source":["data.isnull().sum().sum()"],"metadata":{"id":"HxQ2BfD1lZJC"},"execution_count":null,"outputs":[]},{"cell_type":"code","source":["data.dtypes.unique()"],"metadata":{"id":"JSHihSrxlJSd","colab":{"base_uri":"https://localhost:8080/"},"executionInfo":{"status":"ok","timestamp":1647992550109,"user_tz":360,"elapsed":216,"user":{"displayName":"Max Mitre","photoUrl":"https://lh3.googleusercontent.com/a/default-user=s64","userId":"09123623482601618233"}},"outputId":"15eb7ca0-96ed-4c95-e1dc-f8bf2891e97f"},"execution_count":null,"outputs":[{"output_type":"execute_result","data":{"text/plain":["array([dtype('O'), dtype('float64'), dtype('int64')], dtype=object)"]},"metadata":{},"execution_count":9}]},{"cell_type":"code","source":["# Ver que columnas hay en nuestro DataFrame\n","columns_by_type = {\n","    'float64':      data.select_dtypes('float64').columns,\n","    'int64':        data.select_dtypes('int64').columns,\n","    'object':       data.select_dtypes('object').columns\n","}"],"metadata":{"id":"nKP_33pxjhSL"},"execution_count":null,"outputs":[]},{"cell_type":"code","source":["pprint(columns_by_type)"],"metadata":{"id":"MwPEPOv5jhPu","colab":{"base_uri":"https://localhost:8080/"},"executionInfo":{"status":"ok","timestamp":1647992552887,"user_tz":360,"elapsed":216,"user":{"displayName":"Max Mitre","photoUrl":"https://lh3.googleusercontent.com/a/default-user=s64","userId":"09123623482601618233"}},"outputId":"aac4b682-4b4c-46a6-e43c-91ed1785d017"},"execution_count":null,"outputs":[{"output_type":"stream","name":"stdout","text":["{'float64': Index(['Brazil CPI IPCA MoM', 'FGV Brazil General Prices IGP-',\n","       'FGV Brazil General Prices IGP-.1', 'FGV Brazil General Prices IGP-.2',\n","       'FGV Brazil General Prices IGP-.3', 'Brazil CPI IPCA Median Market',\n","       'Brazil Total Electricity Consu', 'BofA Merrill Lynch Economic Co',\n","       'CNI Brazil Manufacture Industr', 'CNI Brazil Manufacture Industr.1',\n","       'Brazil Industrial Production S', 'Brazil Industrial Production A',\n","       'IBGE Brazil Unemployment Rate', 'IMF Brazil Unemployment Rate i',\n","       'CNI Brazil Manufacture Industr.2', 'Brazil Industry Working Hours',\n","       'Brazil Average Real Income', 'USD-BRL X-RATE', 'USD-BRL X-RATE.1',\n","       'EUR-BRL X-RATE', 'BRAZIL IBOVESPA INDEX',\n","       'Brazil Savings Accounts Deposi', 'Brazil BNDES Long Term Interes',\n","       'Brazil Selic Target Rate', 'Brazil Cetip DI Interbank Depo',\n","       'Brazil National Treasury Reven', 'Brazil Social Contribution ove',\n","       'Brazil PIS & PASEP Tax Income', 'Brazil Central Government Net',\n","       'Brazil Central Government Reve', 'Brazil Central Government Tota',\n","       'Brazil National Treasury Gross', 'Brazil Importing Tax Income No',\n","       'BNDES Brazil Income Taxes UmBr', 'Brazil National Treasury Reven.1',\n","       'Brazil National Treasury Reven.2', 'Brazil Central Government Reve.1',\n","       'Brazil National Treasury Reven.3', 'Brazil Current Account Monthly',\n","       'Brazil Public Net Fiscal Debt', 'Brazil Public Net Fiscal Debt.1',\n","       'Brazilian Federal Government D', 'Brazil Public Net Government &',\n","       'Brazilian States Debt to Forei', 'Brazilian States Debt to Forei.1',\n","       'Brazilian Cities Debt to Forei', 'Brazilian Cities Debt to Forei.1',\n","       'Brazil Monetary Base', 'Brazil Money Supply M1 Brazil',\n","       'Brazil Money Supply M2 Brazil', 'Brazil Money Supply M3 Brazil',\n","       'Brazil Money Supply M4 Brazil', 't.1', 't.2', 't.3', 't.4', 't.5',\n","       't.6', 't.7', 't.8', 't.9', 't.10', 't.11', 't.12', 't.13', 'X5t.1',\n","       'X5t.2', 'X5t.3', 'X5t.4', 'X5t.5', 'X5t.6', 'X5t.7', 'X5t.8', 'X5t.9',\n","       'X5t.10', 'X5t.11', 'X5t.12', 'X5t.13', 'fmed2', 'fmean', 'fmean2',\n","       'fdp', 'lfmed2', 'lfmean', 'lfmean2', 'lfdp'],\n","      dtype='object'),\n"," 'int64': Index(['Brazil Industrial Electricity', 'Brazil Unemployment Statistic',\n","       'Brazil Unemployment Statistic.1', 'Brazil Minimum Wage',\n","       'Brazil Total Savings Deposits', 'Brazil Trade Balance FOB Balan'],\n","      dtype='object'),\n"," 'object': Index(['Unnamed: 0'], dtype='object')}\n"]}]},{"cell_type":"code","source":["# ¿Que hacer con la columna 'Brazil CPI IPCA Median Market'?\n","X = data.drop(columns = ['Brazil CPI IPCA MoM', 'Unnamed: 0', 'Brazil CPI IPCA Median Market'])\n","y = data['Brazil CPI IPCA MoM']"],"metadata":{"id":"bk7UsyiGjhNT"},"execution_count":null,"outputs":[]},{"cell_type":"code","source":["corr_df = X.corr()\n","fig = px.imshow(corr_df,\n","          labels=dict(color=\"Correlación\"),\n","          x=corr_df.index,\n","          y=corr_df.columns,\n","          range_color=[-1, 1],\n","          color_continuous_scale=\"oxy\"\n","          )\n","fig.show()"],"metadata":{"id":"Pp_Eg8ivjhK-","colab":{"base_uri":"https://localhost:8080/","height":542},"executionInfo":{"status":"ok","timestamp":1647992569367,"user_tz":360,"elapsed":903,"user":{"displayName":"Max Mitre","photoUrl":"https://lh3.googleusercontent.com/a/default-user=s64","userId":"09123623482601618233"}},"outputId":"d87e0c6a-2ee9-4bdc-e07b-eb193a379ee3"},"execution_count":null,"outputs":[{"output_type":"display_data","data":{"text/html":["<html>\n","<head><meta charset=\"utf-8\" /></head>\n","<body>\n","    <div>            <script src=\"https://cdnjs.cloudflare.com/ajax/libs/mathjax/2.7.5/MathJax.js?config=TeX-AMS-MML_SVG\"></script><script type=\"text/javascript\">if (window.MathJax) {MathJax.Hub.Config({SVG: {font: \"STIX-Web\"}});}</script>                <script type=\"text/javascript\">window.PlotlyConfig = {MathJaxConfig: 'local'};</script>\n","        <script src=\"https://cdn.plot.ly/plotly-2.8.3.min.js\"></script>                <div id=\"ed834434-8f1a-4959-b14e-8a898ed62fcc\" class=\"plotly-graph-div\" style=\"height:525px; width:100%;\"></div>            <script type=\"text/javascript\">                                    window.PLOTLYENV=window.PLOTLYENV || {};                                    if (document.getElementById(\"ed834434-8f1a-4959-b14e-8a898ed62fcc\")) {                    Plotly.newPlot(                        \"ed834434-8f1a-4959-b14e-8a898ed62fcc\",                        [{\"coloraxis\":\"coloraxis\",\"name\":\"0\",\"x\":[\"FGV Brazil General Prices IGP-\",\"FGV Brazil General Prices IGP-.1\",\"FGV Brazil General Prices IGP-.2\",\"FGV Brazil General Prices IGP-.3\",\"Brazil Total Electricity Consu\",\"Brazil Industrial Electricity\",\"BofA Merrill Lynch Economic Co\",\"CNI Brazil Manufacture Industr\",\"CNI Brazil Manufacture Industr.1\",\"Brazil Industrial Production S\",\"Brazil Industrial Production A\",\"IBGE Brazil Unemployment Rate\",\"Brazil Unemployment Statistic\",\"Brazil Unemployment Statistic.1\",\"IMF Brazil Unemployment Rate i\",\"CNI Brazil Manufacture Industr.2\",\"Brazil Industry Working Hours\",\"Brazil Average Real Income\",\"Brazil Minimum Wage\",\"USD-BRL X-RATE\",\"USD-BRL X-RATE.1\",\"EUR-BRL X-RATE\",\"BRAZIL IBOVESPA INDEX\",\"Brazil Savings Accounts Deposi\",\"Brazil Total Savings Deposits\",\"Brazil BNDES Long Term Interes\",\"Brazil Selic Target Rate\",\"Brazil Cetip DI Interbank Depo\",\"Brazil National Treasury Reven\",\"Brazil Social Contribution ove\",\"Brazil PIS & PASEP Tax Income\",\"Brazil Central Government Net\",\"Brazil Central Government Reve\",\"Brazil Central Government Tota\",\"Brazil National Treasury Gross\",\"Brazil Importing Tax Income No\",\"BNDES Brazil Income Taxes UmBr\",\"Brazil National Treasury Reven.1\",\"Brazil National Treasury Reven.2\",\"Brazil Central Government Reve.1\",\"Brazil National Treasury Reven.3\",\"Brazil Current Account Monthly\",\"Brazil Trade Balance FOB Balan\",\"Brazil Public Net Fiscal Debt\",\"Brazil Public Net Fiscal Debt.1\",\"Brazilian Federal Government D\",\"Brazil Public Net Government &\",\"Brazilian States Debt to Forei\",\"Brazilian States Debt to Forei.1\",\"Brazilian Cities Debt to Forei\",\"Brazilian Cities Debt to Forei.1\",\"Brazil Monetary Base\",\"Brazil Money Supply M1 Brazil\",\"Brazil Money Supply M2 Brazil\",\"Brazil Money Supply M3 Brazil\",\"Brazil Money Supply M4 Brazil\",\"t.1\",\"t.2\",\"t.3\",\"t.4\",\"t.5\",\"t.6\",\"t.7\",\"t.8\",\"t.9\",\"t.10\",\"t.11\",\"t.12\",\"t.13\",\"X5t.1\",\"X5t.2\",\"X5t.3\",\"X5t.4\",\"X5t.5\",\"X5t.6\",\"X5t.7\",\"X5t.8\",\"X5t.9\",\"X5t.10\",\"X5t.11\",\"X5t.12\",\"X5t.13\",\"fmed2\",\"fmean\",\"fmean2\",\"fdp\",\"lfmed2\",\"lfmean\",\"lfmean2\",\"lfdp\"],\"y\":[\"FGV Brazil General Prices IGP-\",\"FGV Brazil General Prices IGP-.1\",\"FGV Brazil General Prices IGP-.2\",\"FGV Brazil General Prices IGP-.3\",\"Brazil Total Electricity Consu\",\"Brazil Industrial Electricity\",\"BofA Merrill Lynch Economic Co\",\"CNI Brazil Manufacture Industr\",\"CNI Brazil Manufacture Industr.1\",\"Brazil Industrial Production S\",\"Brazil Industrial Production A\",\"IBGE Brazil Unemployment Rate\",\"Brazil Unemployment Statistic\",\"Brazil Unemployment Statistic.1\",\"IMF Brazil Unemployment Rate i\",\"CNI Brazil Manufacture Industr.2\",\"Brazil Industry Working Hours\",\"Brazil Average Real Income\",\"Brazil Minimum Wage\",\"USD-BRL X-RATE\",\"USD-BRL X-RATE.1\",\"EUR-BRL X-RATE\",\"BRAZIL IBOVESPA INDEX\",\"Brazil Savings Accounts Deposi\",\"Brazil Total Savings Deposits\",\"Brazil BNDES Long Term Interes\",\"Brazil Selic Target Rate\",\"Brazil Cetip DI Interbank Depo\",\"Brazil National Treasury Reven\",\"Brazil Social Contribution ove\",\"Brazil PIS & PASEP Tax Income\",\"Brazil Central Government Net\",\"Brazil Central Government Reve\",\"Brazil Central Government Tota\",\"Brazil National Treasury Gross\",\"Brazil Importing Tax Income No\",\"BNDES Brazil Income Taxes UmBr\",\"Brazil National Treasury Reven.1\",\"Brazil National Treasury Reven.2\",\"Brazil Central Government Reve.1\",\"Brazil National Treasury Reven.3\",\"Brazil Current Account Monthly\",\"Brazil Trade Balance FOB Balan\",\"Brazil Public Net Fiscal Debt\",\"Brazil Public Net Fiscal Debt.1\",\"Brazilian Federal Government D\",\"Brazil Public Net Government &\",\"Brazilian States Debt to Forei\",\"Brazilian States Debt to Forei.1\",\"Brazilian Cities Debt to Forei\",\"Brazilian Cities Debt to Forei.1\",\"Brazil Monetary Base\",\"Brazil Money Supply M1 Brazil\",\"Brazil Money Supply M2 Brazil\",\"Brazil Money Supply M3 Brazil\",\"Brazil Money Supply M4 Brazil\",\"t.1\",\"t.2\",\"t.3\",\"t.4\",\"t.5\",\"t.6\",\"t.7\",\"t.8\",\"t.9\",\"t.10\",\"t.11\",\"t.12\",\"t.13\",\"X5t.1\",\"X5t.2\",\"X5t.3\",\"X5t.4\",\"X5t.5\",\"X5t.6\",\"X5t.7\",\"X5t.8\",\"X5t.9\",\"X5t.10\",\"X5t.11\",\"X5t.12\",\"X5t.13\",\"fmed2\",\"fmean\",\"fmean2\",\"fdp\",\"lfmed2\",\"lfmean\",\"lfmean2\",\"lfdp\"],\"z\":[[1.0,0.9310982347846618,0.8750706031679879,0.937049586604198,0.015717127741107728,0.09183664620321266,-0.013776796720918492,0.23442018779901766,-0.19610745647045566,0.10547394718050486,0.062010911283285806,-0.05424739958170417,-0.08593129640121135,-0.03517877775494462,0.1737723202042907,0.2411438334140817,-0.07550813526225852,0.025901702284165825,-0.010552590498597391,-0.1675506607813255,-0.03990868250185145,-0.051163717014769426,-0.13970249435979346,-0.0036672905444920544,-0.026497064363563787,0.16860116883600362,0.22959557481532417,0.2273910196353655,0.01585699812108901,-0.015142590221291578,0.01853100456732395,0.005775750696302331,-0.0016617394004210238,-0.000472416037552949,0.000448711497789861,0.010911758915183362,-0.0460602316820862,0.027019553246781857,-0.002493128578592133,0.0030564948998459,0.11267492971319476,0.13194627930071948,-0.06788869821737192,0.045882229837304826,0.09215661215628893,0.23891952940049513,-0.05305841076495616,0.1678944876009693,0.08659084891737379,0.08786576145747807,0.1628076627171832,0.014651103820474399,0.05504583689444375,0.04855453817152689,-0.05809953677480429,-0.06084847644158153,0.5544311648259606,0.33314432299387997,0.19080879830696118,0.23115437286023638,0.21666787738655974,0.22550933471978657,0.15968724640847018,0.09017638888558688,0.0642971977132612,0.08572333148884823,0.15058298168273118,0.15303706334803102,0.1800596836289092,0.5574672565339933,0.3641434480022032,0.1623252112828964,0.18495538435647868,0.17507898900259736,0.17906967814014238,0.16172623383897164,0.06328969567887612,0.05208442208534908,0.09864750447344268,0.11630315994817203,0.09924307623942451,0.11835655170839421,0.49667468280322374,0.5570564807782451,0.5013414373217175,0.19835213386828426,0.2988033422623399,0.3457567505087365,0.3111828297242664,0.20667469568541616],[0.9310982347846618,1.0,0.950262189852758,0.7928621673433356,0.030984527893982768,0.08381797143262386,0.00475662792056874,0.15195918582517617,-0.18320738196906877,0.0561600331707611,0.031865345127057736,-0.08114140315684767,-0.1005746799477497,-0.07166047709358729,0.1741723034252669,0.15585935398848852,-0.08916785970508416,0.039533022823484504,0.016811994940940402,-0.1664928252368018,0.044838884285995216,-0.008755381410855051,-0.12359584941530331,-0.030575524388382836,-0.004449530005436677,0.10675582828467427,0.1806771650126527,0.17940247044076255,0.038750108197280586,0.030741144171825257,0.02629352508928854,0.046447392564595937,0.03811892076659081,0.03780313161139414,0.04104129018370438,0.027930449380177785,0.04269620527869093,0.00678159285793755,0.01919833927096645,0.0332048079414778,0.09860348144453555,0.06932999972380001,-0.0762037539471773,0.051910029326882136,0.1070189923625388,0.24268633103841078,-0.01919108068986049,0.17616337099954596,0.07815143671851212,0.07905699986635438,0.16830507058951003,0.03400178497707317,0.05216435466210322,0.043028711031565255,-0.035250150120027836,-0.048379917461011605,0.48251997025065485,0.31480707270941677,0.15036631095385736,0.19264637615962352,0.2052024309224762,0.1879575791904113,0.1429243779763241,0.052451237728625734,0.036904531359893133,0.04751196376083432,0.11043617051154236,0.12016414201429734,0.13840681320724618,0.4858012614187765,0.35977527343290033,0.13491274246125154,0.15352100979486874,0.18451333757791671,0.14708136662358054,0.15343914737970535,0.026966675769324294,0.010766690438573282,0.05932921912963309,0.08690995546858851,0.09329522301542581,0.0960651016890431,0.4282817836904864,0.4875839110818548,0.43653297919725853,0.16115902280906957,0.2795787835187027,0.3240370427641173,0.288389751525426,0.16437810397309055],[0.8750706031679879,0.950262189852758,1.0,0.7357045383201701,0.20822059655777694,0.0731542270586166,-0.06772249055842801,0.0754656809460642,-0.09478377721684454,0.01961621493284233,-0.002359329420689697,-0.048128932555249596,-0.05750417350297757,-0.05523079441096996,0.1017962943868153,0.07518202208480097,-0.08112282402479572,0.19362892938438564,0.23517530267587883,-0.20728979054434604,0.1081075430906895,0.02573265266036055,-0.14063014246297104,-0.12684892206966936,0.02934759673600241,0.12553677195836055,0.20736262004261166,0.20724937518139633,0.23999621137051466,0.030810288951727657,0.017707725418891134,0.2300897637015766,0.21933532544089504,0.22767248831187178,0.22387451139188908,0.019151468538491787,0.08882428072553672,0.0049660828796561605,0.2049467642759014,0.22137505957579268,0.17902713656786964,0.09608327742291162,-0.14939869499855662,0.13490283963980476,0.2461132531011254,0.15908313856532758,-0.021133491175282466,0.14231584134903516,0.08993991656897624,0.07115418654737489,0.1190499324234922,0.24346510034037386,0.03627790630938057,0.06606711891820372,0.04648281564799099,0.03077532841561568,0.4468715508753373,0.3208479169110581,0.19335807365690322,0.20820752281700797,0.18474087699325797,0.15261568232997835,0.10054607980155439,0.0269833390116914,0.015316643552120649,0.021185169043383762,0.09502847208202052,0.11906150084725715,0.1586622270339966,0.45284277755579716,0.3591139679377035,0.18568027351535252,0.17367089055933496,0.16746667783395436,0.12395570350897674,0.12219974449976204,0.028740782901231113,-0.0007872544966400547,0.021432481524619372,0.06701774034570232,0.08830026493886652,0.11930565050442651,0.36030239555781046,0.45118879603924605,0.3679951459005892,0.12555188220709665,0.2760219206203511,0.32744043689172525,0.2809819258425298,0.09648435010839762],[0.937049586604198,0.7928621673433356,0.7357045383201701,1.0,-0.0027180926983312263,0.08078980068756576,-0.021883513322365378,0.24842703592406098,-0.18738158204175942,0.1326010649110679,0.08365589586240103,0.01703808627568726,-0.02493443082268809,0.04194987669141181,0.16362796633361093,0.25732388334199463,-0.04669360933547596,0.022146578150739053,-0.023370967104018373,-0.12937892351001884,-0.0914259051922679,-0.06279111573454899,-0.13720071002694975,0.017759798004506246,-0.07077037472141218,0.1941133002491603,0.2748635208720584,0.26561852027469973,0.0072819599850595185,-0.026654398401363782,0.006806896385808921,-0.008548171828462993,-0.006828038601576015,-0.01599335619770196,-0.006534846587419187,0.007543724487885949,-0.09910625994695046,-0.0091973397486493,-0.006297422413494955,-0.035688944958592185,0.12499861931805208,0.16053734696625116,-0.04803124591260695,-0.00851602555861187,0.04704345106381886,0.2086377177671031,-0.07734043717632764,0.16487914377865281,0.1218609289206426,0.1303919042610146,0.13733054258303645,0.0035699459463974193,-0.005784188030466096,0.018456659894900904,-0.0938444195360323,-0.07913676362465434,0.564145396208237,0.3442820471497151,0.23322299333142973,0.2419668555326545,0.22308911626014666,0.23832879356083997,0.15294911524683022,0.10532110470677532,0.09227369900950276,0.12135217472157495,0.1838254695298065,0.1745696051650755,0.19693139162114967,0.5729651135453301,0.3607806442277085,0.19521685499469227,0.18744719159477902,0.1847728033198243,0.20213775555732397,0.14948664774390072,0.08079526016031927,0.08916907812094792,0.13538822606529868,0.13387469977297217,0.11193988827571968,0.13819126225800138,0.49919169715296624,0.5694676572082719,0.5070883657982885,0.18362080641586,0.3168160054196675,0.3566987999812561,0.33057177255061265,0.22894316963702874],[0.015717127741107728,0.030984527893982768,0.20822059655777694,-0.0027180926983312263,1.0,-0.1169373402782252,-0.2796827493457506,-0.11660239606315102,0.12011718908340036,-0.1394577589806042,-0.1503531635324263,0.017246118432842506,0.058676813739472235,-0.035757368897891564,-0.09053563185128617,-0.12772284574673917,0.03890709993344271,0.7202193472801274,0.8299002153855896,-0.1587046982468355,0.26102103124473514,0.1452355469018742,-0.0982729965313028,-0.5852884111498997,0.40261462750164956,0.11286410219992088,0.25462771407564905,0.24981899971686894,0.8141338530895107,0.05119734131492452,0.0034081714057296974,0.7831547863659274,0.7783762308693911,0.8075230003412097,0.7831562985699222,-0.04358143915274559,0.23872229084718083,0.06318018231359278,0.7628349119392822,0.7820114579933827,0.20405566087502935,0.04997822842783046,-0.3924551306779428,0.20944940111686203,0.3539297689377512,-0.03592901242296871,0.06870993505095675,0.03326808882097869,0.09757313072227883,0.059772615625552264,0.0031758202188723497,0.845938040945284,0.02134494621543459,0.19307869562116783,0.42255597543651546,0.4239339136174858,0.030622436077626974,0.04871315505648781,0.07567917136479078,0.043369009668667725,0.019167921728626032,-0.006566895756974504,-0.02242056518831343,-0.005527833732746436,0.04304789358498747,0.012501602267283205,0.025367969088650646,0.12380627618217382,0.12738070476754804,0.02951777903225193,0.03780144101932599,0.0750622283861187,0.07088240674549239,0.035227985146392624,0.012410437945631493,-0.04037790764015613,-0.012819049425858814,0.046304735527549615,-0.026104681600049074,-0.002390518318818067,0.08159632171199133,0.0920222540614151,-0.028939055590963943,0.018269619825352707,-0.033933370398430196,-0.246517739415405,0.0489813375088124,0.04183094379019955,0.03697050123287335,-0.23784246211557902],[0.09183664620321266,0.08381797143262386,0.0731542270586166,0.08078980068756576,-0.1169373402782252,1.0,0.2180855735000092,-0.04252355438390938,0.1490149940280558,0.1527935397749716,0.11254431447646715,-0.12091566412684214,-0.13220004259226784,-0.041151573712842476,0.12479935557942817,-0.047033978607905876,-0.00875603451041358,-0.3958179576059456,-0.06760295762045024,-0.12067785350156102,-0.0358104160693418,-0.0019999755781390997,0.008336739853167857,-0.033134155869095135,-0.1363108362713348,-0.12105844129547172,-0.07715651185846123,-0.09305270562262591,-0.15426605942819432,-0.2904266925974101,-0.017385505536051154,-0.20033855610097343,-0.20569005807252225,-0.2052185093439618,-0.2036518912897178,0.12281272291032201,-0.02223228332005848,0.10500117690448076,-0.22554884320119173,-0.17969295394041868,-0.09109058528985237,0.19876824406535587,0.17183385765127376,-0.11041579573948991,-0.058757796231753784,-0.0968826241649744,-0.0672614297079184,-0.12952218794678694,-0.15901168066090657,-0.15959518928249405,-0.19026575173529942,-0.08852898153055845,0.10482117427682272,0.07321775594131398,0.029778864458382653,0.09409254295567221,-0.16351954783465955,-0.11954951031962192,-0.07423527718702748,-0.058220795387234,0.03474289436112897,-0.025155723337079577,-0.01391391419728619,0.07610594169546582,0.07901616365916073,0.005698142222591547,-0.07924895572646758,-0.23377743220668865,-0.23655539285416635,-0.14568082409657818,-0.10874860430586801,-0.07517892519660274,-0.0521790999707963,0.054158213342985075,-0.012051043405038658,0.005235707795382846,0.1523813692533618,0.11277083172670177,0.023071935576228705,-0.11765226572570937,-0.28336880491631505,-0.20057175259061105,-0.1694599554212046,-0.15602989140720613,-0.15167887404082897,-0.03443830844943705,-0.12106248154945368,-0.1066816373211943,-0.10612783062068204,-0.14217839039591912],[-0.013776796720918492,0.00475662792056874,-0.06772249055842801,-0.021883513322365378,-0.2796827493457506,0.2180855735000092,1.0,-0.061565118149066844,0.08438608373253664,0.5587641975870158,0.39594924941322485,-0.021518803794850203,-0.022472415212563344,-0.0004125857240466363,-0.10691209192060996,-0.06846588219832012,-0.03518443367078444,-0.2703426878359305,-0.29219862757712195,0.3464687505132243,-0.3356049011591995,-0.21370028665912336,0.4146937366166333,-0.057836550628236026,-0.052776056625474375,-0.20304221998702066,-0.2997287841693971,-0.30033725499235847,-0.34519869243079093,0.0033038628782483125,-0.005581538795856004,-0.30429671459731317,-0.3077847887379433,-0.32211662863929474,-0.31348487514607265,0.061074359170205525,-0.29704885334749975,-0.054777456977323495,-0.3388278793955182,-0.3183769565564097,-0.10001164524510828,-0.02949362514838369,0.19379441025734614,-0.15487650007133197,-0.2230861642454566,-0.1538047720624847,0.2303052081879764,-0.16270882922356664,-0.1105592332646695,-0.09583899303128816,-0.14667512083754602,-0.3195804571027109,-0.07261402810988986,-0.2663236522018899,-0.16824186280421138,-0.10515064771203476,-0.1542415814504657,-0.21571834100553422,-0.2200872764314571,-0.1689875201841965,-0.19106931385382467,-0.2248158332235185,-0.256761891047647,-0.22409813462519135,-0.19159742831605892,-0.1476945724314096,-0.12342329894318242,-0.1326261870181273,-0.173973106525552,-0.1641913192735432,-0.2068365917379604,-0.1848063320282845,-0.15187760295294747,-0.16390545440407478,-0.22545826495874094,-0.24030476643223117,-0.16018266402182652,-0.17801460505809896,-0.10543476223342388,-0.14962948390447864,-0.1574973986295883,-0.18612980608694107,-0.17540471133161734,-0.1559404202559216,-0.17516738089675335,-0.12414071621580454,-0.22341050755693365,-0.21808720951164753,-0.22410531028872585,-0.17064456161140476],[0.23442018779901766,0.15195918582517617,0.0754656809460642,0.24842703592406098,-0.11660239606315102,-0.04252355438390938,-0.061565118149066844,1.0,-0.016869974063756506,0.05292749665654364,0.11703161023850998,0.1243449401422731,0.10647408052551419,0.13894750149947402,-0.0372466595692715,0.9961554311820587,-0.06109030254943049,0.02915397984862094,-0.1346563750279964,-0.007179393832038033,0.044146602283429454,0.036374522372854746,-0.02101420861398363,0.2516074130136221,-0.07433826759814255,0.0026985050213014583,0.17050235217158294,0.16723998509687313,-0.12258437473857918,0.11016492673908776,0.20063775018707186,-0.11207410622251353,-0.10607816357559637,-0.11440823939611443,-0.10883123984084993,0.03764793110613277,0.001396363091910179,-0.00429581817908907,-0.12445954910623966,-0.12050783624360818,-0.03305403758712896,0.0028808660135926385,-0.054932189015629455,0.04162310671796783,-0.019848431118839906,-0.053203433567576314,0.09332700896801273,-0.030972250938175485,-0.019013646556381613,-0.02212970443871081,-0.009658237179837683,-0.11977312732111721,-0.11215131412509637,-0.10617129233888943,-0.09737638291957215,-0.06923738521580207,0.31033346709853754,0.17442429835995668,0.12246235314863477,0.1213391625708202,0.17732091919452195,0.5465670366994749,0.19727310578588916,0.13562568377124581,0.18311778121355057,0.1903776942358671,0.17308104384212997,0.1978062168356939,0.12529916885388076,0.30766542693042365,0.18152978053430205,0.07493836621990177,0.11100776750118334,0.06600994460178196,0.5655729954244679,0.08112369282280114,0.038590316339568616,0.14005633263285647,0.23178325365356217,0.23946477053937903,0.1567397865333456,0.03165555883805714,0.39906344174954134,0.31907680875034156,0.4144635432606564,0.4170470172069255,0.18871473002585565,0.1906213408573426,0.21367371066200533,0.3943865487594749],[-0.19610745647045566,-0.18320738196906877,-0.09478377721684454,-0.18738158204175942,0.12011718908340036,0.1490149940280558,0.08438608373253664,-0.016869974063756506,1.0,0.12935839714666542,0.029609830582998934,-0.01874322454426216,-0.012201366814043593,0.007693611558030179,-0.879720976449269,-0.011512372596109573,0.10306693671856627,-0.023957292650097013,0.10486219113527223,-0.04531521127272125,0.03132540088526538,0.05177075227896594,-0.018921406298536936,-0.30668420984211164,0.13435629189179274,-0.3619703816516781,-0.018882754765295738,-0.011956498622319874,0.12336379132574905,0.02017178158784476,0.04886440333947669,0.09327119421638784,0.11442727477751549,0.09474866142402719,0.1151476342727474,0.12967918602407616,-0.024034997920344615,0.009758111292180294,0.030194774614422583,0.03448297704139129,0.04005351708910653,-0.02589780957107005,0.18426137848110682,-0.335992412394943,-0.14157765280035758,-0.8297310829542759,0.05539302811463763,-0.5003582781179369,-0.26394953159203155,-0.30461829648902816,-0.46683192542158863,0.12010424608058248,-0.0666830848566819,0.08301031629900109,0.09644304374934701,0.10786227350385093,-0.4878233074300786,-0.3350700341295241,-0.13402573755441047,-0.11456817166334686,-0.13716157072527335,-0.2122313056260524,-0.5517907756307456,-0.3342073931434143,-0.23473892848897152,-0.2703497199259431,-0.3110368263551715,-0.2890178991042818,-0.2691703305931351,-0.48870622265353486,-0.393534969017341,-0.10434410450128422,-0.09307911843600164,-0.06588196027990281,-0.13872424677156664,-0.5953009874727895,-0.24374733508969224,-0.13921565014859916,-0.20536372643750844,-0.32493590758525354,-0.32204086798713544,-0.20868608865019764,-0.7027262524027075,-0.4893761773983665,-0.6988592353968053,-0.3221296766966712,-0.4403787318825072,-0.33257278289955333,-0.43679301592874853,-0.4264484369288009],[0.10547394718050486,0.0561600331707611,0.01961621493284233,0.1326010649110679,-0.1394577589806042,0.1527935397749716,0.5587641975870158,0.05292749665654364,0.12935839714666542,1.0,0.702755628969742,0.09645928923638311,0.07971050934350056,0.10994595746658603,-0.14443281349054385,0.03866644689732874,0.09609378341560854,-0.10322230576069519,-0.15031291808087868,0.07297098921375465,-0.17758691113221528,-0.06811702691326531,0.06161480348883581,-0.0864850321606906,-0.025681820387167712,-0.08583327681850916,-0.027883482719348263,-0.015994611058707333,-0.17883501284089431,-0.007554922097429758,0.09322373324382921,-0.14997489218652132,-0.1309111756032941,-0.15794925804584645,-0.13675872613222362,0.10078775077043255,-0.1702712703699418,-0.09075733787013845,-0.17627330517609685,-0.20652537223888864,-0.06631875155152903,-0.02893529685310418,0.07538477950466463,-0.27209311785603557,-0.25563232819946813,-0.15394719684630737,0.002450446911201794,-0.12154546336494272,-0.042348790679734814,-0.03378292502517308,-0.10969563648483396,-0.14632262539127922,-0.12251199408815751,-0.126472558834102,-0.13347982200972197,-0.11014917164219078,-0.09883718023177997,-0.1719016612286436,-0.12124118981366633,-0.11995186953130804,-0.09964886113766111,-0.07294006243554482,-0.13844642544054814,-0.06928338680718793,-0.06869138194401986,-0.028532325451243755,-0.03227276372954737,-0.10330511776614389,-0.12146737247417999,-0.10816551971745156,-0.15653163139985166,-0.09455392006835164,-0.08509337708823092,-0.07961624770025631,-0.0716288681211332,-0.12594949697404415,-0.028091052254737806,-0.05949971764273846,0.004646657718358,-0.05593464928463061,-0.11825020414497464,-0.09009340085295847,-0.11649313042940997,-0.09484255636426381,-0.1093697876216011,-0.09514234064484278,-0.18142917313342355,-0.16488570660688617,-0.1733963480219626,-0.1387760615449375],[0.062010911283285806,0.031865345127057736,-0.002359329420689697,0.08365589586240103,-0.1503531635324263,0.11254431447646715,0.39594924941322485,0.11703161023850998,0.029609830582998934,0.702755628969742,1.0,0.08951502316350618,0.09335223529453801,0.09942314068485127,-0.023857586195556058,0.08797999068674554,0.017580072330499328,-0.09286797488096157,-0.13134841724214366,-0.014525257062634175,0.019232091873961306,0.09959452940651525,-0.0017912027685119479,-0.023266241854844858,-0.0911881461900478,-0.14221928580439575,-0.04717081828924565,-0.05469758885476042,-0.17070220585618298,0.04637073164831377,0.06864254352075545,-0.1328641088838258,-0.1165347354799924,-0.14620279061446023,-0.12190651890560299,0.0845930624960503,0.00988434836835304,-0.15535152625007198,-0.13872930144259937,-0.20179207651680858,-0.033224037550259336,-0.0563015793426965,0.08993276643456474,-0.17740212247441028,-0.17521205564068687,-0.07160277217802007,0.051908111123169405,-0.1120172842943517,-0.07843078541470726,-0.06888862675144858,-0.05894858347222395,-0.12814938525488784,-0.18395608269340957,-0.14094491109712204,-0.10482985713383473,-0.10918136747581444,-0.060968990418704995,-0.12057663312464267,-0.1044750592218167,-0.16175472233220597,-0.13999959718755345,0.00309043885975705,-0.056690139673308555,-0.10187439462391581,-0.06109423960455091,-0.06441119712187603,-0.07716386196263375,-0.10418813672040562,-0.14959279498406255,-0.07152370153988183,-0.10843553107826506,-0.0897919337057284,-0.13937424185068684,-0.1429110291088659,0.016821102343995732,-0.030927845235749797,-0.0723060154509035,-0.05643550463264617,-0.05191427459314486,-0.09056925050018373,-0.1385852331691543,-0.1527342527913001,-0.0518740288992907,-0.05840998266466676,-0.044588066785633894,-0.10136216158333865,-0.11306836438417062,-0.12017258824189456,-0.1092756146997799,-0.11130571290332962],[-0.05424739958170417,-0.08114140315684767,-0.048128932555249596,0.01703808627568726,0.017246118432842506,-0.12091566412684214,-0.021518803794850203,0.1243449401422731,-0.01874322454426216,0.09645928923638311,0.08951502316350618,1.0,0.9248699319280155,0.9495367627859328,-0.022040120405805618,0.11591111225076485,-0.2289446398396528,0.26428636858533505,0.08249518005964351,0.13329586589962927,0.07635901469687945,0.1072041503296936,-0.02027382671845909,0.027721125871615408,-0.3901687974996246,0.18889332159947797,0.021551078994812897,0.035304734387112714,0.01202277174220518,0.21180971577817018,-0.16380907104928855,0.003442771108556756,0.05773487072179388,0.012295852636399197,0.042115050339224185,0.09536914477813319,0.013506291926232443,-0.17181825237247228,0.037930397785073865,-0.09967139225359718,-0.10241483571677142,0.10863792483438749,-0.2378701510148703,-0.13557893420620432,-0.05768413242501183,-0.03407867416952292,-0.0563485120903968,0.03882283270153514,0.057652773496164475,0.017738260429543445,-0.015315148589607069,0.030717716396831532,-0.6664939225972824,-0.5753266324014711,-0.20659258928992325,-0.16108009410047333,0.05948121702149362,-0.13775543351386374,-0.015758152287931582,-0.03837292643842525,0.00017190498486188734,0.10355964892157805,-0.03878822850859551,0.06046088180528031,0.19875915124057145,0.2532358536312364,0.2950358160798857,0.21273356511232885,-0.014134421918442667,0.06429792368372016,-0.13217461953200504,-0.029215402225730443,-0.05129107240471469,-0.014948715911745262,0.0937870146155318,-0.12368718127248189,0.03649397602969902,0.1951220791252489,0.27553830098497706,0.2740423166471595,0.2381429089478181,-0.026411950406631086,0.04135735591103253,0.06707071101514789,0.0565719566470638,0.15540614502875974,-0.12186866050435859,-0.13411206788076624,-0.11688137482216358,0.06155776307711707],[-0.08593129640121135,-0.1005746799477497,-0.05750417350297757,-0.02493443082268809,0.058676813739472235,-0.13220004259226784,-0.022472415212563344,0.10647408052551419,-0.01220136681404